TestType,Iteration,Elapsed_ms,Result
CertificateRenewal,3001,6056,SUCCESS
CertificateRenewal,3002,6639,SUCCESS
CertificateRenewal,3003,5223,SUCCESS
CertificateRenewal,3004,5072,SUCCESS
CertificateRenewal,3005,5095,SUCCESS
CertificateRenewal,3006,5233,SUCCESS
CertificateRenewal,3007,5193,SUCCESS
CertificateRenewal,3008,5550,SUCCESS
CertificateRenewal,3009,5465,SUCCESS
CertificateRenewal,3010,5074,SUCCESS
CertificateRenewal,3011,5573,SUCCESS
CertificateRenewal,3012,7393,SUCCESS
CertificateRenewal,3013,5159,SUCCESS
CertificateRenewal,3014,5676,SUCCESS
CertificateRenewal,3015,5847,SUCCESS
CertificateRenewal,3016,5398,FAILED (truncated response)
CertificateRenewal,3017,5124,SUCCESS
CertificateRenewal,3018,5144,SUCCESS
CertificateRenewal,3019,5380,SUCCESS
CertificateRenewal,3020,5300,SUCCESS
CertificateRenewal,3021,6021,SUCCESS
CertificateRenewal,3022,5486,FAILED (truncated response)
CertificateRenewal,3023,5903,SUCCESS
CertificateRenewal,3024,6769,SUCCESS
CertificateRenewal,3025,5775,SUCCESS
CertificateRenewal,3026,5969,FAILED (truncated response)
CertificateRenewal,3027,6678,SUCCESS
CertificateRenewal,3028,5519,SUCCESS
CertificateRenewal,3029,6733,FAILED (truncated response)
CertificateRenewal,3030,11559,SUCCESS
CertificateRenewal,3031,7680,SUCCESS
CertificateRenewal,3032,11634,SUCCESS
CertificateRenewal,3033,7246,FAILED (truncated response)
CertificateRenewal,3034,12386,SUCCESS
CertificateRenewal,3035,11775,FAILED (HTTP -11: (null))
CertificateRenewal,3036,8919,FAILED (truncated response)
CertificateRenewal,3037,7152,SUCCESS
CertificateRenewal,3038,7877,SUCCESS
CertificateRenewal,3039,8645,SUCCESS
CertificateRenewal,3040,9471,SUCCESS
CertificateRenewal,3041,10461,SUCCESS
CertificateRenewal,3042,6229,SUCCESS
CertificateRenewal,3043,6843,SUCCESS
CertificateRenewal,3044,7732,FAILED (truncated response)
CertificateRenewal,3045,7894,SUCCESS
CertificateRenewal,3046,7066,FAILED (truncated response)
CertificateRenewal,3047,7777,FAILED (truncated response)
CertificateRenewal,3048,7073,SUCCESS
CertificateRenewal,3049,9495,SUCCESS
CertificateRenewal,3050,13022,SUCCESS
CertificateRenewal,3051,7011,SUCCESS
CertificateRenewal,3052,11783,FAILED (HTTP -11: (null))
CertificateRenewal,3053,9872,SUCCESS
CertificateRenewal,3054,6853,FAILED (truncated response)
CertificateRenewal,3055,7978,SUCCESS
CertificateRenewal,3056,6824,SUCCESS
CertificateRenewal,3057,7356,SUCCESS
CertificateRenewal,3058,9646,SUCCESS
CertificateRenewal,3059,5168,SUCCESS
CertificateRenewal,3060,5060,SUCCESS
CertificateRenewal,3061,4856,SUCCESS
CertificateRenewal,3062,5077,SUCCESS
CertificateRenewal,3063,5321,SUCCESS
CertificateRenewal,3064,5164,SUCCESS
CertificateRenewal,3065,5262,SUCCESS
CertificateRenewal,3066,5205,SUCCESS
CertificateRenewal,3067,5323,SUCCESS
CertificateRenewal,3068,4948,SUCCESS
CertificateRenewal,3069,5270,SUCCESS
CertificateRenewal,3070,4966,SUCCESS
CertificateRenewal,3071,5083,SUCCESS
CertificateRenewal,3072,4994,SUCCESS
CertificateRenewal,3073,6197,FAILED (truncated response)
CertificateRenewal,3074,5301,SUCCESS
CertificateRenewal,3075,5011,SUCCESS
CertificateRenewal,3076,4996,SUCCESS
CertificateRenewal,3077,5171,SUCCESS
CertificateRenewal,3078,5029,FAILED (truncated response)
CertificateRenewal,3079,5169,SUCCESS
CertificateRenewal,3080,5243,SUCCESS
CertificateRenewal,3081,7961,SUCCESS
CertificateRenewal,3082,5208,SUCCESS
CertificateRenewal,3083,5324,SUCCESS
CertificateRenewal,3084,5232,SUCCESS
CertificateRenewal,3085,5148,SUCCESS
CertificateRenewal,3086,5439,SUCCESS
CertificateRenewal,3087,5196,SUCCESS
CertificateRenewal,3088,4931,SUCCESS
CertificateRenewal,3089,5150,SUCCESS
CertificateRenewal,3090,5184,FAILED (truncated response)
CertificateRenewal,3091,5806,SUCCESS
CertificateRenewal,3092,5307,FAILED (truncated response)
CertificateRenewal,3093,6044,SUCCESS
CertificateRenewal,3094,6994,SUCCESS
CertificateRenewal,3095,5359,SUCCESS
CertificateRenewal,3096,5712,SUCCESS
CertificateRenewal,3097,5180,SUCCESS
CertificateRenewal,3098,5501,SUCCESS
CertificateRenewal,3099,5179,SUCCESS
CertificateRenewal,3100,4916,SUCCESS
CertificateRenewal,3101,4955,SUCCESS
CertificateRenewal,3102,5201,SUCCESS
CertificateRenewal,3103,5030,SUCCESS
CertificateRenewal,3104,4986,SUCCESS
CertificateRenewal,3105,4861,SUCCESS
CertificateRenewal,3106,5424,SUCCESS
CertificateRenewal,3107,4873,SUCCESS
CertificateRenewal,3108,4924,SUCCESS
CertificateRenewal,3109,4942,SUCCESS
CertificateRenewal,3110,5027,SUCCESS
CertificateRenewal,3111,4943,SUCCESS
CertificateRenewal,3112,4905,SUCCESS
CertificateRenewal,3113,5763,FAILED (truncated response)
CertificateRenewal,3114,5013,SUCCESS
CertificateRenewal,3115,5207,SUCCESS
CertificateRenewal,3116,5117,SUCCESS
CertificateRenewal,3117,4973,SUCCESS
CertificateRenewal,3118,4901,SUCCESS
CertificateRenewal,3119,5104,SUCCESS
CertificateRenewal,3120,4891,SUCCESS
CertificateRenewal,3121,5069,SUCCESS
CertificateRenewal,3122,5094,SUCCESS
CertificateRenewal,3123,4951,SUCCESS
CertificateRenewal,3124,5030,SUCCESS
CertificateRenewal,3125,4963,SUCCESS
CertificateRenewal,3126,4950,SUCCESS
CertificateRenewal,3127,5103,SUCCESS
CertificateRenewal,3128,5024,SUCCESS
CertificateRenewal,3129,5250,SUCCESS
CertificateRenewal,3130,5194,FAILED (truncated response)
CertificateRenewal,3131,4935,SUCCESS
CertificateRenewal,3132,5044,SUCCESS
CertificateRenewal,3133,8750,SUCCESS
CertificateRenewal,3134,4941,SUCCESS
CertificateRenewal,3135,4919,SUCCESS
CertificateRenewal,3136,6150,SUCCESS
CertificateRenewal,3137,5070,SUCCESS
CertificateRenewal,3138,5978,SUCCESS
CertificateRenewal,3139,5098,SUCCESS
CertificateRenewal,3140,6123,SUCCESS
CertificateRenewal,3141,5001,SUCCESS
CertificateRenewal,3142,5332,SUCCESS
CertificateRenewal,3143,5071,SUCCESS
CertificateRenewal,3144,5030,FAILED (truncated response)
CertificateRenewal,3145,5112,SUCCESS
CertificateRenewal,3146,5297,SUCCESS
CertificateRenewal,3147,5143,SUCCESS
CertificateRenewal,3148,4874,SUCCESS
CertificateRenewal,3149,5143,SUCCESS
CertificateRenewal,3150,5087,SUCCESS
CertificateRenewal,3151,5044,SUCCESS
CertificateRenewal,3152,5115,SUCCESS
CertificateRenewal,3153,5001,SUCCESS
CertificateRenewal,3154,4990,FAILED (truncated response)
CertificateRenewal,3155,4990,SUCCESS
CertificateRenewal,3156,5130,SUCCESS
CertificateRenewal,3157,4968,SUCCESS
CertificateRenewal,3158,5033,SUCCESS
CertificateRenewal,3159,5058,SUCCESS
CertificateRenewal,3160,5615,SUCCESS
CertificateRenewal,3161,5264,SUCCESS
CertificateRenewal,3162,4974,SUCCESS
CertificateRenewal,3163,4951,SUCCESS
CertificateRenewal,3164,5033,SUCCESS
CertificateRenewal,3165,5155,SUCCESS
CertificateRenewal,3166,4842,SUCCESS
CertificateRenewal,3167,4949,SUCCESS
CertificateRenewal,3168,5093,SUCCESS
CertificateRenewal,3169,4922,SUCCESS
CertificateRenewal,3170,5231,SUCCESS
CertificateRenewal,3171,6195,SUCCESS
CertificateRenewal,3172,4960,SUCCESS
CertificateRenewal,3173,5070,SUCCESS
CertificateRenewal,3174,4839,SUCCESS
CertificateRenewal,3175,5029,SUCCESS
CertificateRenewal,3176,5295,SUCCESS
CertificateRenewal,3177,4988,SUCCESS
CertificateRenewal,3178,4987,SUCCESS
CertificateRenewal,3179,5201,SUCCESS
CertificateRenewal,3180,5100,FAILED (truncated response)
CertificateRenewal,3181,5102,FAILED (truncated response)
CertificateRenewal,3182,4917,FAILED (truncated response)
CertificateRenewal,3183,4997,SUCCESS
CertificateRenewal,3184,5020,SUCCESS
CertificateRenewal,3185,6028,SUCCESS
CertificateRenewal,3186,7535,SUCCESS
CertificateRenewal,3187,5136,SUCCESS
CertificateRenewal,3188,5167,SUCCESS
CertificateRenewal,3189,4950,SUCCESS
CertificateRenewal,3190,4832,SUCCESS
CertificateRenewal,3191,5559,FAILED (truncated response)
CertificateRenewal,3192,5287,SUCCESS
CertificateRenewal,3193,4889,SUCCESS
CertificateRenewal,3194,5096,SUCCESS
CertificateRenewal,3195,5109,SUCCESS
CertificateRenewal,3196,4990,SUCCESS
CertificateRenewal,3197,5106,SUCCESS
CertificateRenewal,3198,4870,SUCCESS
CertificateRenewal,3199,5012,SUCCESS
CertificateRenewal,3200,5264,SUCCESS
CertificateRenewal,3201,4856,SUCCESS
CertificateRenewal,3202,4827,SUCCESS
CertificateRenewal,3203,8066,SUCCESS
CertificateRenewal,3204,4990,FAILED (truncated response)
CertificateRenewal,3205,4868,SUCCESS
CertificateRenewal,3206,4956,SUCCESS
CertificateRenewal,3207,5060,SUCCESS
CertificateRenewal,3208,6063,SUCCESS
CertificateRenewal,3209,5717,SUCCESS
CertificateRenewal,3210,5308,SUCCESS
CertificateRenewal,3211,5024,SUCCESS
CertificateRenewal,3212,5139,SUCCESS
CertificateRenewal,3213,5045,SUCCESS
CertificateRenewal,3214,4946,SUCCESS
CertificateRenewal,3215,5132,SUCCESS
CertificateRenewal,3216,5024,SUCCESS
CertificateRenewal,3217,5101,SUCCESS
CertificateRenewal,3218,4975,SUCCESS
CertificateRenewal,3219,4945,SUCCESS
CertificateRenewal,3220,5388,SUCCESS
CertificateRenewal,3221,6396,SUCCESS
CertificateRenewal,3222,4977,SUCCESS
CertificateRenewal,3223,5027,SUCCESS
CertificateRenewal,3224,4896,SUCCESS
CertificateRenewal,3225,5072,SUCCESS
CertificateRenewal,3226,4993,SUCCESS
CertificateRenewal,3227,5487,SUCCESS
CertificateRenewal,3228,5013,SUCCESS
CertificateRenewal,3229,5008,SUCCESS
CertificateRenewal,3230,4869,SUCCESS
CertificateRenewal,3231,4900,SUCCESS
CertificateRenewal,3232,4959,FAILED (truncated response)
CertificateRenewal,3233,5435,FAILED (truncated response)
CertificateRenewal,3234,4926,SUCCESS
CertificateRenewal,3235,4869,SUCCESS
CertificateRenewal,3236,4957,SUCCESS
CertificateRenewal,3237,4862,SUCCESS
CertificateRenewal,3238,4926,SUCCESS
CertificateRenewal,3239,4836,SUCCESS
CertificateRenewal,3240,5090,SUCCESS
CertificateRenewal,3241,4857,SUCCESS
CertificateRenewal,3242,5069,SUCCESS
CertificateRenewal,3243,5489,SUCCESS
CertificateRenewal,3244,4920,SUCCESS
CertificateRenewal,3245,5049,SUCCESS
CertificateRenewal,3246,4848,SUCCESS
CertificateRenewal,3247,5059,SUCCESS
CertificateRenewal,3248,5210,SUCCESS
CertificateRenewal,3249,5369,SUCCESS
CertificateRenewal,3250,5470,SUCCESS
CertificateRenewal,3251,5134,SUCCESS
CertificateRenewal,3252,5225,SUCCESS
CertificateRenewal,3253,5216,SUCCESS
CertificateRenewal,3254,5402,SUCCESS
CertificateRenewal,3255,5346,SUCCESS
CertificateRenewal,3256,5404,SUCCESS
CertificateRenewal,3257,5426,FAILED (truncated response)
CertificateRenewal,3258,5295,SUCCESS
CertificateRenewal,3259,6198,SUCCESS
CertificateRenewal,3260,5999,SUCCESS
CertificateRenewal,3261,4965,SUCCESS
CertificateRenewal,3262,4926,FAILED (truncated response)
CertificateRenewal,3263,4904,SUCCESS
CertificateRenewal,3264,5282,SUCCESS
CertificateRenewal,3265,5448,SUCCESS
CertificateRenewal,3266,5808,SUCCESS
CertificateRenewal,3267,6007,SUCCESS
CertificateRenewal,3268,5375,SUCCESS
CertificateRenewal,3269,5151,SUCCESS
CertificateRenewal,3270,5071,SUCCESS
CertificateRenewal,3271,5246,SUCCESS
CertificateRenewal,3272,5260,SUCCESS
CertificateRenewal,3273,5276,FAILED (truncated response)
CertificateRenewal,3274,5654,SUCCESS
CertificateRenewal,3275,5011,SUCCESS
CertificateRenewal,3276,5067,SUCCESS
CertificateRenewal,3277,5157,SUCCESS
CertificateRenewal,3278,5008,SUCCESS
CertificateRenewal,3279,5324,SUCCESS
CertificateRenewal,3280,4926,SUCCESS
CertificateRenewal,3281,4865,SUCCESS
CertificateRenewal,3282,5319,FAILED (truncated response)
CertificateRenewal,3283,5268,SUCCESS
CertificateRenewal,3284,5093,SUCCESS
CertificateRenewal,3285,4981,FAILED (truncated response)
CertificateRenewal,3286,4964,SUCCESS
CertificateRenewal,3287,5506,FAILED (truncated response)
CertificateRenewal,3288,6085,SUCCESS
CertificateRenewal,3289,5292,SUCCESS
CertificateRenewal,3290,5096,SUCCESS
CertificateRenewal,3291,5790,FAILED (truncated response)
CertificateRenewal,3292,5085,SUCCESS
CertificateRenewal,3293,4865,FAILED (truncated response)
CertificateRenewal,3294,4965,SUCCESS
CertificateRenewal,3295,5639,SUCCESS
CertificateRenewal,3296,5110,FAILED (truncated response)
CertificateRenewal,3297,5383,SUCCESS
CertificateRenewal,3298,5330,SUCCESS
CertificateRenewal,3299,5040,FAILED (truncated response)
CertificateRenewal,3300,5297,SUCCESS
CertificateRenewal,3301,4954,SUCCESS
CertificateRenewal,3302,5021,SUCCESS
CertificateRenewal,3303,5345,SUCCESS
CertificateRenewal,3304,5257,SUCCESS
CertificateRenewal,3305,5282,SUCCESS
CertificateRenewal,3306,5071,SUCCESS
CertificateRenewal,3307,4878,SUCCESS
CertificateRenewal,3308,4901,SUCCESS
CertificateRenewal,3309,5195,SUCCESS
CertificateRenewal,3310,5059,SUCCESS
CertificateRenewal,3311,5397,FAILED (truncated response)
CertificateRenewal,3312,4888,SUCCESS
CertificateRenewal,3313,4895,SUCCESS
CertificateRenewal,3314,5068,SUCCESS
CertificateRenewal,3315,5092,SUCCESS
CertificateRenewal,3316,5238,SUCCESS
CertificateRenewal,3317,5528,SUCCESS
CertificateRenewal,3318,7533,SUCCESS
CertificateRenewal,3319,5147,SUCCESS
CertificateRenewal,3320,4953,FAILED (truncated response)
CertificateRenewal,3321,5046,SUCCESS
CertificateRenewal,3322,5428,SUCCESS
CertificateRenewal,3323,4979,SUCCESS
CertificateRenewal,3324,5123,SUCCESS
CertificateRenewal,3325,5227,SUCCESS
CertificateRenewal,3326,5286,SUCCESS
CertificateRenewal,3327,5079,SUCCESS
CertificateRenewal,3328,4938,SUCCESS
CertificateRenewal,3329,4919,SUCCESS
CertificateRenewal,3330,7758,SUCCESS
CertificateRenewal,3331,5271,FAILED (truncated response)
CertificateRenewal,3332,5740,FAILED (truncated response)
CertificateRenewal,3333,5349,SUCCESS
CertificateRenewal,3334,5168,SUCCESS
CertificateRenewal,3335,6292,SUCCESS
CertificateRenewal,3336,4861,SUCCESS
CertificateRenewal,3337,5266,SUCCESS
CertificateRenewal,3338,5301,SUCCESS
CertificateRenewal,3339,6082,SUCCESS
CertificateRenewal,3340,5159,SUCCESS
CertificateRenewal,3341,5278,SUCCESS
CertificateRenewal,3342,5021,SUCCESS
CertificateRenewal,3343,5082,SUCCESS
CertificateRenewal,3344,5312,SUCCESS
CertificateRenewal,3345,5456,FAILED (truncated response)
CertificateRenewal,3346,5456,FAILED (truncated response)
CertificateRenewal,3347,6178,SUCCESS
CertificateRenewal,3348,6125,SUCCESS
CertificateRenewal,3349,5604,SUCCESS
CertificateRenewal,3350,5261,SUCCESS
CertificateRenewal,3351,5266,SUCCESS
CertificateRenewal,3352,5717,SUCCESS
CertificateRenewal,3353,5044,SUCCESS
CertificateRenewal,3354,5049,SUCCESS
CertificateRenewal,3355,5035,SUCCESS
CertificateRenewal,3356,5091,SUCCESS
CertificateRenewal,3357,5199,SUCCESS
CertificateRenewal,3358,5283,SUCCESS
CertificateRenewal,3359,5022,SUCCESS
CertificateRenewal,3360,4985,SUCCESS
CertificateRenewal,3361,5021,SUCCESS
CertificateRenewal,3362,5090,FAILED (truncated response)
CertificateRenewal,3363,5159,SUCCESS
CertificateRenewal,3364,5096,FAILED (truncated response)
CertificateRenewal,3365,4915,FAILED (truncated response)
CertificateRenewal,3366,5233,SUCCESS
CertificateRenewal,3367,5416,SUCCESS
CertificateRenewal,3368,5252,SUCCESS
CertificateRenewal,3369,5445,SUCCESS
CertificateRenewal,3370,5675,SUCCESS
CertificateRenewal,3371,5475,SUCCESS
CertificateRenewal,3372,5168,SUCCESS
CertificateRenewal,3373,5665,SUCCESS
CertificateRenewal,3374,4964,SUCCESS
CertificateRenewal,3375,8109,SUCCESS
CertificateRenewal,3376,5265,SUCCESS
CertificateRenewal,3377,5222,SUCCESS
CertificateRenewal,3378,5078,SUCCESS
CertificateRenewal,3379,5092,SUCCESS
CertificateRenewal,3380,5119,SUCCESS
CertificateRenewal,3381,6379,SUCCESS
CertificateRenewal,3382,5461,SUCCESS
CertificateRenewal,3383,5353,SUCCESS
CertificateRenewal,3384,5604,SUCCESS
CertificateRenewal,3385,5533,SUCCESS
CertificateRenewal,3386,5888,SUCCESS
CertificateRenewal,3387,5156,SUCCESS
CertificateRenewal,3388,5222,SUCCESS
CertificateRenewal,3389,5023,SUCCESS
CertificateRenewal,3390,5223,FAILED (truncated response)
CertificateRenewal,3391,5403,SUCCESS
CertificateRenewal,3392,8131,SUCCESS
CertificateRenewal,3393,5197,SUCCESS
CertificateRenewal,3394,5085,SUCCESS
CertificateRenewal,3395,5168,SUCCESS
CertificateRenewal,3396,5344,SUCCESS
CertificateRenewal,3397,5699,FAILED (truncated response)
CertificateRenewal,3398,5186,SUCCESS
CertificateRenewal,3399,5227,SUCCESS
CertificateRenewal,3400,5347,SUCCESS
CertificateRenewal,3401,5501,SUCCESS
CertificateRenewal,3402,5488,SUCCESS
CertificateRenewal,3403,5282,SUCCESS
CertificateRenewal,3404,5655,SUCCESS
CertificateRenewal,3405,5790,SUCCESS
CertificateRenewal,3406,5088,SUCCESS
CertificateRenewal,3407,5202,FAILED (truncated response)
CertificateRenewal,3408,6379,FAILED (truncated response)
CertificateRenewal,3409,5389,SUCCESS
CertificateRenewal,3410,5329,SUCCESS
CertificateRenewal,3411,7446,SUCCESS
CertificateRenewal,3412,11743,FAILED (truncated response)
CertificateRenewal,3413,5909,SUCCESS
CertificateRenewal,3414,6094,SUCCESS
CertificateRenewal,3415,5028,SUCCESS
CertificateRenewal,3416,5424,SUCCESS
CertificateRenewal,3417,5590,SUCCESS
CertificateRenewal,3418,5718,SUCCESS
CertificateRenewal,3419,5289,SUCCESS
CertificateRenewal,3420,5106,SUCCESS
CertificateRenewal,3421,5208,SUCCESS
CertificateRenewal,3422,5171,FAILED (truncated response)
CertificateRenewal,3423,5068,SUCCESS
CertificateRenewal,3424,5781,SUCCESS
CertificateRenewal,3425,5834,SUCCESS
CertificateRenewal,3426,5251,SUCCESS
CertificateRenewal,3427,5244,SUCCESS
CertificateRenewal,3428,5326,SUCCESS
CertificateRenewal,3429,5981,SUCCESS
CertificateRenewal,3430,5472,SUCCESS
CertificateRenewal,3431,5251,SUCCESS
CertificateRenewal,3432,5076,SUCCESS
CertificateRenewal,3433,4995,SUCCESS
CertificateRenewal,3434,5097,SUCCESS
CertificateRenewal,3435,5350,SUCCESS
CertificateRenewal,3436,5370,SUCCESS
CertificateRenewal,3437,5650,SUCCESS
CertificateRenewal,3438,5056,FAILED (truncated response)
CertificateRenewal,3439,5769,SUCCESS
CertificateRenewal,3440,5644,SUCCESS
CertificateRenewal,3441,5268,SUCCESS
CertificateRenewal,3442,4961,SUCCESS
CertificateRenewal,3443,6024,SUCCESS
CertificateRenewal,3444,5603,SUCCESS
CertificateRenewal,3445,5135,FAILED (truncated response)
CertificateRenewal,3446,5318,SUCCESS
CertificateRenewal,3447,5803,FAILED (truncated response)
CertificateRenewal,3448,5196,SUCCESS
CertificateRenewal,3449,5275,SUCCESS
CertificateRenewal,3450,5268,FAILED (truncated response)
CertificateRenewal,3451,5583,SUCCESS
CertificateRenewal,3452,5021,SUCCESS
CertificateRenewal,3453,5076,SUCCESS
CertificateRenewal,3454,5278,SUCCESS
CertificateRenewal,3455,5092,SUCCESS
CertificateRenewal,3456,5155,SUCCESS
CertificateRenewal,3457,5488,SUCCESS
CertificateRenewal,3458,5099,SUCCESS
CertificateRenewal,3459,5371,SUCCESS
CertificateRenewal,3460,5341,SUCCESS
CertificateRenewal,3461,5698,SUCCESS
CertificateRenewal,3462,5865,SUCCESS
CertificateRenewal,3463,5464,SUCCESS
CertificateRenewal,3464,5434,SUCCESS
CertificateRenewal,3465,5030,SUCCESS
CertificateRenewal,3466,5794,SUCCESS
CertificateRenewal,3467,10315,SUCCESS
CertificateRenewal,3468,8373,SUCCESS
CertificateRenewal,3469,8630,SUCCESS
CertificateRenewal,3470,5245,SUCCESS
CertificateRenewal,3471,5680,FAILED (truncated response)
CertificateRenewal,3472,5293,SUCCESS
CertificateRenewal,3473,5547,SUCCESS
CertificateRenewal,3474,5152,SUCCESS
CertificateRenewal,3475,5041,SUCCESS
CertificateRenewal,3476,5644,SUCCESS
CertificateRenewal,3477,4952,SUCCESS
CertificateRenewal,3478,5101,SUCCESS
CertificateRenewal,3479,5019,SUCCESS
CertificateRenewal,3480,5373,SUCCESS
CertificateRenewal,3481,5213,SUCCESS
CertificateRenewal,3482,4951,SUCCESS
CertificateRenewal,3483,5066,SUCCESS
CertificateRenewal,3484,5332,SUCCESS
CertificateRenewal,3485,5175,FAILED (truncated response)
CertificateRenewal,3486,5270,SUCCESS
CertificateRenewal,3487,5490,SUCCESS
CertificateRenewal,3488,5261,SUCCESS
CertificateRenewal,3489,5588,SUCCESS
CertificateRenewal,3490,5127,SUCCESS
CertificateRenewal,3491,5126,SUCCESS
CertificateRenewal,3492,5152,SUCCESS
CertificateRenewal,3493,5390,SUCCESS
CertificateRenewal,3494,5389,SUCCESS
CertificateRenewal,3495,5199,SUCCESS
CertificateRenewal,3496,5412,SUCCESS
CertificateRenewal,3497,5324,SUCCESS
CertificateRenewal,3498,5485,SUCCESS
CertificateRenewal,3499,5005,SUCCESS
CertificateRenewal,3500,5998,SUCCESS
CertificateRenewal,3501,6207,FAILED (truncated response)
CertificateRenewal,3502,5145,SUCCESS
CertificateRenewal,3503,5101,SUCCESS
CertificateRenewal,3504,5392,SUCCESS
CertificateRenewal,3505,5932,SUCCESS
CertificateRenewal,3506,5447,SUCCESS
CertificateRenewal,3507,5272,SUCCESS
CertificateRenewal,3508,5608,SUCCESS
CertificateRenewal,3509,5287,SUCCESS
CertificateRenewal,3510,5062,SUCCESS
CertificateRenewal,3511,5100,SUCCESS
CertificateRenewal,3512,5356,SUCCESS
CertificateRenewal,3513,5556,SUCCESS
CertificateRenewal,3514,5455,SUCCESS
CertificateRenewal,3515,5558,SUCCESS
CertificateRenewal,3516,5206,SUCCESS
CertificateRenewal,3517,8404,SUCCESS
CertificateRenewal,3518,5136,SUCCESS
CertificateRenewal,3519,5365,SUCCESS
CertificateRenewal,3520,5715,SUCCESS
CertificateRenewal,3521,5266,SUCCESS
CertificateRenewal,3522,5462,SUCCESS
CertificateRenewal,3523,5454,SUCCESS
CertificateRenewal,3524,5202,SUCCESS
CertificateRenewal,3525,4934,SUCCESS
CertificateRenewal,3526,5662,SUCCESS
CertificateRenewal,3527,5074,SUCCESS
CertificateRenewal,3528,5652,SUCCESS
CertificateRenewal,3529,5118,FAILED (truncated response)
CertificateRenewal,3530,5136,SUCCESS
CertificateRenewal,3531,5011,SUCCESS
CertificateRenewal,3532,5239,SUCCESS
CertificateRenewal,3533,5061,FAILED (truncated response)
CertificateRenewal,3534,5496,SUCCESS
CertificateRenewal,3535,5467,SUCCESS
CertificateRenewal,3536,5158,FAILED (truncated response)
CertificateRenewal,3537,4985,SUCCESS
CertificateRenewal,3538,4971,SUCCESS
CertificateRenewal,3539,5015,SUCCESS
CertificateRenewal,3540,5175,SUCCESS
CertificateRenewal,3541,5233,SUCCESS
CertificateRenewal,3542,5446,SUCCESS
CertificateRenewal,3543,5233,SUCCESS
CertificateRenewal,3544,5118,SUCCESS
CertificateRenewal,3545,5095,SUCCESS
CertificateRenewal,3546,5335,SUCCESS
CertificateRenewal,3547,4893,SUCCESS
CertificateRenewal,3548,6286,FAILED (truncated response)
CertificateRenewal,3549,5228,SUCCESS
CertificateRenewal,3550,5177,SUCCESS
CertificateRenewal,3551,4940,SUCCESS
CertificateRenewal,3552,5360,SUCCESS
CertificateRenewal,3553,5118,SUCCESS
CertificateRenewal,3554,5157,SUCCESS
CertificateRenewal,3555,5633,SUCCESS
CertificateRenewal,3556,5120,SUCCESS
CertificateRenewal,3557,5334,SUCCESS
CertificateRenewal,3558,5348,SUCCESS
CertificateRenewal,3559,5538,SUCCESS
CertificateRenewal,3560,4984,SUCCESS
CertificateRenewal,3561,5013,SUCCESS
CertificateRenewal,3562,4977,SUCCESS
CertificateRenewal,3563,5201,SUCCESS
CertificateRenewal,3564,5424,SUCCESS
CertificateRenewal,3565,5672,SUCCESS
CertificateRenewal,3566,5274,SUCCESS
CertificateRenewal,3567,5224,SUCCESS
CertificateRenewal,3568,5130,SUCCESS
CertificateRenewal,3569,5191,SUCCESS
CertificateRenewal,3570,5226,SUCCESS
CertificateRenewal,3571,5150,SUCCESS
CertificateRenewal,3572,5123,SUCCESS
CertificateRenewal,3573,5408,SUCCESS
CertificateRenewal,3574,5014,SUCCESS
CertificateRenewal,3575,7964,SUCCESS
CertificateRenewal,3576,5103,SUCCESS
CertificateRenewal,3577,5097,SUCCESS
CertificateRenewal,3578,5069,SUCCESS
CertificateRenewal,3579,4914,SUCCESS
CertificateRenewal,3580,5075,SUCCESS
CertificateRenewal,3581,5230,FAILED (truncated response)
CertificateRenewal,3582,5403,SUCCESS
CertificateRenewal,3583,5245,SUCCESS
CertificateRenewal,3584,5273,SUCCESS
CertificateRenewal,3585,5302,SUCCESS
CertificateRenewal,3586,5180,SUCCESS
CertificateRenewal,3587,4994,SUCCESS
CertificateRenewal,3588,5213,SUCCESS
CertificateRenewal,3589,5223,SUCCESS
CertificateRenewal,3590,5367,SUCCESS
CertificateRenewal,3591,5417,SUCCESS
CertificateRenewal,3592,5038,FAILED (truncated response)
CertificateRenewal,3593,5277,SUCCESS
CertificateRenewal,3594,5321,SUCCESS
CertificateRenewal,3595,5186,SUCCESS
CertificateRenewal,3596,5392,SUCCESS
CertificateRenewal,3597,5689,SUCCESS
CertificateRenewal,3598,5433,SUCCESS
CertificateRenewal,3599,5439,SUCCESS
CertificateRenewal,3600,5451,SUCCESS
CertificateRenewal,3601,5025,SUCCESS
CertificateRenewal,3602,4986,SUCCESS
CertificateRenewal,3603,7098,SUCCESS
CertificateRenewal,3604,5477,SUCCESS
CertificateRenewal,3605,7344,SUCCESS
CertificateRenewal,3606,5226,SUCCESS
CertificateRenewal,3607,5459,SUCCESS
CertificateRenewal,3608,5043,SUCCESS
CertificateRenewal,3609,5309,SUCCESS
CertificateRenewal,3610,5206,SUCCESS
CertificateRenewal,3611,5545,FAILED (truncated response)
CertificateRenewal,3612,5433,SUCCESS
CertificateRenewal,3613,4973,SUCCESS
CertificateRenewal,3614,5470,SUCCESS
CertificateRenewal,3615,5070,SUCCESS
CertificateRenewal,3616,5395,SUCCESS
CertificateRenewal,3617,5070,FAILED (truncated response)
CertificateRenewal,3618,5439,SUCCESS
CertificateRenewal,3619,5106,SUCCESS
CertificateRenewal,3620,5337,SUCCESS
CertificateRenewal,3621,4995,SUCCESS
CertificateRenewal,3622,4960,SUCCESS
CertificateRenewal,3623,5397,SUCCESS
CertificateRenewal,3624,4995,SUCCESS
CertificateRenewal,3625,5484,SUCCESS
CertificateRenewal,3626,6075,FAILED (truncated response)
CertificateRenewal,3627,5782,SUCCESS
CertificateRenewal,3628,5942,SUCCESS
CertificateRenewal,3629,5192,SUCCESS
CertificateRenewal,3630,6145,FAILED (truncated response)
CertificateRenewal,3631,5564,SUCCESS
CertificateRenewal,3632,5666,SUCCESS
CertificateRenewal,3633,9430,SUCCESS
CertificateRenewal,3634,8485,FAILED (truncated response)
CertificateRenewal,3635,10335,SUCCESS
CertificateRenewal,3636,5374,SUCCESS
CertificateRenewal,3637,5506,SUCCESS
CertificateRenewal,3638,5303,SUCCESS
CertificateRenewal,3639,5492,SUCCESS
CertificateRenewal,3640,5521,SUCCESS
CertificateRenewal,3641,5327,SUCCESS
CertificateRenewal,3642,5195,SUCCESS
CertificateRenewal,3643,5181,SUCCESS
CertificateRenewal,3644,5618,SUCCESS
CertificateRenewal,3645,5153,SUCCESS
CertificateRenewal,3646,5227,FAILED (truncated response)
CertificateRenewal,3647,5163,SUCCESS
CertificateRenewal,3648,5851,SUCCESS
CertificateRenewal,3649,5231,SUCCESS
CertificateRenewal,3650,5084,SUCCESS
CertificateRenewal,3651,5128,SUCCESS
CertificateRenewal,3652,5293,SUCCESS
CertificateRenewal,3653,8569,SUCCESS
CertificateRenewal,3654,5215,SUCCESS
CertificateRenewal,3655,5180,SUCCESS
CertificateRenewal,3656,5704,SUCCESS
CertificateRenewal,3657,4914,SUCCESS
CertificateRenewal,3658,5131,SUCCESS
CertificateRenewal,3659,7807,SUCCESS
CertificateRenewal,3660,5515,SUCCESS
CertificateRenewal,3661,5113,SUCCESS
CertificateRenewal,3662,5305,SUCCESS
CertificateRenewal,3663,6050,SUCCESS
CertificateRenewal,3664,5407,SUCCESS
CertificateRenewal,3665,5759,SUCCESS
CertificateRenewal,3666,5161,SUCCESS
CertificateRenewal,3667,5296,SUCCESS
CertificateRenewal,3668,5250,SUCCESS
CertificateRenewal,3669,5400,SUCCESS
CertificateRenewal,3670,5516,SUCCESS
CertificateRenewal,3671,5213,SUCCESS
CertificateRenewal,3672,5331,SUCCESS
CertificateRenewal,3673,5681,SUCCESS
CertificateRenewal,3674,5110,SUCCESS
CertificateRenewal,3675,5124,SUCCESS
CertificateRenewal,3676,5140,SUCCESS
CertificateRenewal,3677,4933,SUCCESS
CertificateRenewal,3678,5710,SUCCESS
CertificateRenewal,3679,5363,SUCCESS
CertificateRenewal,3680,5324,SUCCESS
CertificateRenewal,3681,5746,FAILED (truncated response)
CertificateRenewal,3682,5583,SUCCESS
CertificateRenewal,3683,5766,SUCCESS
CertificateRenewal,3684,5342,SUCCESS
CertificateRenewal,3685,5509,SUCCESS
CertificateRenewal,3686,5630,SUCCESS
CertificateRenewal,3687,5166,SUCCESS
CertificateRenewal,3688,6055,SUCCESS
CertificateRenewal,3689,5710,SUCCESS
CertificateRenewal,3690,5074,SUCCESS
CertificateRenewal,3691,5292,SUCCESS
CertificateRenewal,3692,5004,SUCCESS
CertificateRenewal,3693,5314,SUCCESS
CertificateRenewal,3694,5325,SUCCESS
CertificateRenewal,3695,15189,FAILED (HTTP -11: (null))
CertificateRenewal,3696,15175,FAILED (HTTP -1: (null))
CertificateRenewal,3697,23316,FAILED (HTTP -11: (null))
CertificateRenewal,3698,17068,FAILED (truncated response)
CertificateRenewal,3699,15223,FAILED (HTTP -1: (null))
CertificateRenewal,3700,12550,FAILED (HTTP -11: (null))
CertificateRenewal,3701,19579,FAILED (truncated response)
CertificateRenewal,3702,7950,SUCCESS
CertificateRenewal,3703,8611,FAILED (truncated response)
CertificateRenewal,3704,7436,SUCCESS
CertificateRenewal,3705,6106,SUCCESS
CertificateRenewal,3706,11009,SUCCESS
CertificateRenewal,3707,7628,FAILED (truncated response)
CertificateRenewal,3708,12021,FAILED (HTTP -11: (null))
CertificateRenewal,3709,17359,FAILED (truncated response)
CertificateRenewal,3710,23441,SUCCESS
CertificateRenewal,3711,14345,FAILED (HTTP -11: (null))
CertificateRenewal,3712,10828,FAILED (truncated response)
CertificateRenewal,3713,13997,SUCCESS
CertificateRenewal,3714,13214,SUCCESS
CertificateRenewal,3715,16728,FAILED (truncated response)
CertificateRenewal,3716,14076,SUCCESS
CertificateRenewal,3717,8338,FAILED (truncated response)
CertificateRenewal,3718,6615,SUCCESS
CertificateRenewal,3719,7810,FAILED (truncated response)
CertificateRenewal,3720,6922,FAILED (truncated response)
CertificateRenewal,3721,6859,SUCCESS
CertificateRenewal,3722,7365,FAILED (truncated response)
CertificateRenewal,3723,8189,SUCCESS
CertificateRenewal,3724,6424,SUCCESS
CertificateRenewal,3725,5320,SUCCESS
CertificateRenewal,3726,5088,SUCCESS
CertificateRenewal,3727,5346,SUCCESS
CertificateRenewal,3728,5405,SUCCESS
CertificateRenewal,3729,5636,SUCCESS
CertificateRenewal,3730,5463,SUCCESS
CertificateRenewal,3731,5770,SUCCESS
CertificateRenewal,3732,5520,SUCCESS
CertificateRenewal,3733,5304,SUCCESS
CertificateRenewal,3734,6346,SUCCESS
CertificateRenewal,3735,5599,SUCCESS
CertificateRenewal,3736,6116,SUCCESS
CertificateRenewal,3737,5858,SUCCESS
CertificateRenewal,3738,5253,SUCCESS
CertificateRenewal,3739,5426,SUCCESS
CertificateRenewal,3740,5764,SUCCESS
CertificateRenewal,3741,5392,SUCCESS
CertificateRenewal,3742,5315,SUCCESS
CertificateRenewal,3743,7660,SUCCESS
CertificateRenewal,3744,5608,SUCCESS
CertificateRenewal,3745,5932,SUCCESS
CertificateRenewal,3746,5499,SUCCESS
CertificateRenewal,3747,5989,SUCCESS
CertificateRenewal,3748,5323,SUCCESS
CertificateRenewal,3749,5234,SUCCESS
CertificateRenewal,3750,5407,SUCCESS
CertificateRenewal,3751,5469,SUCCESS
CertificateRenewal,3752,5106,SUCCESS
CertificateRenewal,3753,5186,FAILED (truncated response)
CertificateRenewal,3754,5226,SUCCESS
CertificateRenewal,3755,5090,SUCCESS
CertificateRenewal,3756,5099,SUCCESS
CertificateRenewal,3757,7594,FAILED (truncated response)
CertificateRenewal,3758,4978,SUCCESS
CertificateRenewal,3759,5719,FAILED (truncated response)
CertificateRenewal,3760,8701,SUCCESS
CertificateRenewal,3761,5625,SUCCESS
CertificateRenewal,3762,5093,SUCCESS
CertificateRenewal,3763,5129,SUCCESS
CertificateRenewal,3764,5473,FAILED (truncated response)
CertificateRenewal,3765,5411,SUCCESS
CertificateRenewal,3766,5560,SUCCESS
CertificateRenewal,3767,5274,SUCCESS
CertificateRenewal,3768,7244,SUCCESS
CertificateRenewal,3769,5285,SUCCESS
CertificateRenewal,3770,5098,SUCCESS
CertificateRenewal,3771,5043,SUCCESS
CertificateRenewal,3772,8564,SUCCESS
CertificateRenewal,3773,5494,SUCCESS
CertificateRenewal,3774,5183,FAILED (truncated response)
CertificateRenewal,3775,7830,SUCCESS
CertificateRenewal,3776,6942,SUCCESS
CertificateRenewal,3777,5666,SUCCESS
CertificateRenewal,3778,5504,SUCCESS
CertificateRenewal,3779,6629,SUCCESS
CertificateRenewal,3780,5828,SUCCESS
CertificateRenewal,3781,5903,SUCCESS
CertificateRenewal,3782,6047,SUCCESS
CertificateRenewal,3783,5940,FAILED (truncated response)
CertificateRenewal,3784,5894,SUCCESS
CertificateRenewal,3785,6021,SUCCESS
CertificateRenewal,3786,5926,SUCCESS
CertificateRenewal,3787,6103,FAILED (truncated response)
CertificateRenewal,3788,6151,SUCCESS
CertificateRenewal,3789,6832,SUCCESS
CertificateRenewal,3790,6538,SUCCESS
CertificateRenewal,3791,6624,SUCCESS
CertificateRenewal,3792,5966,FAILED (truncated response)
CertificateRenewal,3793,5897,SUCCESS
CertificateRenewal,3794,6359,FAILED (truncated response)
CertificateRenewal,3795,7538,SUCCESS
CertificateRenewal,3796,5312,SUCCESS
CertificateRenewal,3797,5287,SUCCESS
CertificateRenewal,3798,6423,SUCCESS
CertificateRenewal,3799,5952,SUCCESS
CertificateRenewal,3800,7208,SUCCESS
CertificateRenewal,3801,6250,FAILED (truncated response)
CertificateRenewal,3802,6351,SUCCESS
CertificateRenewal,3803,9488,SUCCESS
CertificateRenewal,3804,6519,SUCCESS
CertificateRenewal,3805,6348,SUCCESS
CertificateRenewal,3806,8221,FAILED (truncated response)
CertificateRenewal,3807,5762,SUCCESS
CertificateRenewal,3808,6656,SUCCESS
CertificateRenewal,3809,6538,FAILED (truncated response)
CertificateRenewal,3810,11058,FAILED (truncated response)
CertificateRenewal,3811,11376,SUCCESS
CertificateRenewal,3812,11514,FAILED (truncated response)
CertificateRenewal,3813,10053,SUCCESS
CertificateRenewal,3814,12680,FAILED (truncated response)
CertificateRenewal,3815,13232,SUCCESS
CertificateRenewal,3816,10590,FAILED (truncated response)
CertificateRenewal,3817,10371,SUCCESS
CertificateRenewal,3818,11003,FAILED (truncated response)
CertificateRenewal,3819,10450,FAILED (truncated response)
CertificateRenewal,3820,9190,SUCCESS
CertificateRenewal,3821,11442,SUCCESS
CertificateRenewal,3822,7371,SUCCESS
CertificateRenewal,3823,5687,FAILED (truncated response)
CertificateRenewal,3824,7375,SUCCESS
CertificateRenewal,3825,8177,SUCCESS
CertificateRenewal,3826,6641,SUCCESS
CertificateRenewal,3827,15398,FAILED (HTTP -11: (null))
CertificateRenewal,3828,7280,SUCCESS
CertificateRenewal,3829,6541,FAILED (truncated response)
CertificateRenewal,3830,6475,FAILED (truncated response)
CertificateRenewal,3831,12393,FAILED (truncated response)
CertificateRenewal,3832,13073,FAILED (truncated response)
CertificateRenewal,3833,6876,FAILED (truncated response)
CertificateRenewal,3834,7551,SUCCESS
CertificateRenewal,3835,9295,SUCCESS
CertificateRenewal,3836,13903,SUCCESS
CertificateRenewal,3837,12395,FAILED (truncated response)
CertificateRenewal,3838,6721,SUCCESS
CertificateRenewal,3839,7577,FAILED (truncated response)
CertificateRenewal,3840,7995,SUCCESS
CertificateRenewal,3841,8267,FAILED (truncated response)
CertificateRenewal,3842,6673,SUCCESS
CertificateRenewal,3843,7718,SUCCESS
CertificateRenewal,3844,7147,SUCCESS
CertificateRenewal,3845,7276,SUCCESS
CertificateRenewal,3846,8534,SUCCESS
CertificateRenewal,3847,6525,SUCCESS
CertificateRenewal,3848,6248,SUCCESS
CertificateRenewal,3849,10414,FAILED (truncated response)
CertificateRenewal,3850,10277,SUCCESS
CertificateRenewal,3851,11541,SUCCESS
CertificateRenewal,3852,7533,SUCCESS
CertificateRenewal,3853,7961,SUCCESS
CertificateRenewal,3854,12164,FAILED (truncated response)
CertificateRenewal,3855,9925,FAILED (truncated response)
CertificateRenewal,3856,10346,SUCCESS
CertificateRenewal,3857,9200,FAILED (truncated response)
CertificateRenewal,3858,7371,FAILED (truncated response)
CertificateRenewal,3859,9140,SUCCESS
CertificateRenewal,3860,11296,FAILED (truncated response)
CertificateRenewal,3861,7574,SUCCESS
CertificateRenewal,3862,7556,SUCCESS
CertificateRenewal,3863,7283,SUCCESS
CertificateRenewal,3864,10620,SUCCESS
CertificateRenewal,3865,7263,SUCCESS
CertificateRenewal,3866,7313,FAILED (truncated response)
CertificateRenewal,3867,9967,SUCCESS
CertificateRenewal,3868,9764,FAILED (truncated response)
CertificateRenewal,3869,7250,FAILED (truncated response)
CertificateRenewal,3870,7911,FAILED (truncated response)
CertificateRenewal,3871,6604,FAILED (truncated response)
CertificateRenewal,3872,8038,SUCCESS
CertificateRenewal,3873,8172,SUCCESS
CertificateRenewal,3874,10111,SUCCESS
CertificateRenewal,3875,5419,SUCCESS
CertificateRenewal,3876,5177,SUCCESS
CertificateRenewal,3877,5344,SUCCESS
CertificateRenewal,3878,5104,SUCCESS
CertificateRenewal,3879,5589,SUCCESS
CertificateRenewal,3880,5719,SUCCESS
CertificateRenewal,3881,5760,SUCCESS
CertificateRenewal,3882,5628,SUCCESS
CertificateRenewal,3883,5894,SUCCESS
CertificateRenewal,3884,5930,SUCCESS
CertificateRenewal,3885,5553,SUCCESS
CertificateRenewal,3886,5246,SUCCESS
CertificateRenewal,3887,6059,FAILED (truncated response)
CertificateRenewal,3888,7332,SUCCESS
CertificateRenewal,3889,5351,SUCCESS
CertificateRenewal,3890,5490,SUCCESS
CertificateRenewal,3891,7860,FAILED (truncated response)
CertificateRenewal,3892,5715,SUCCESS
CertificateRenewal,3893,5418,SUCCESS
CertificateRenewal,3894,7387,FAILED (truncated response)
CertificateRenewal,3895,15537,FAILED (truncated response)
CertificateRenewal,3896,10224,SUCCESS
CertificateRenewal,3897,10397,SUCCESS
CertificateRenewal,3898,5414,SUCCESS
CertificateRenewal,3899,5420,SUCCESS
CertificateRenewal,3900,5093,SUCCESS
CertificateRenewal,3901,6836,FAILED (truncated response)
CertificateRenewal,3902,5651,SUCCESS
CertificateRenewal,3903,5484,SUCCESS
CertificateRenewal,3904,5177,SUCCESS
CertificateRenewal,3905,5621,SUCCESS
CertificateRenewal,3906,5361,SUCCESS
CertificateRenewal,3907,5195,SUCCESS
CertificateRenewal,3908,5130,SUCCESS
CertificateRenewal,3909,5110,FAILED (truncated response)
CertificateRenewal,3910,5610,SUCCESS
CertificateRenewal,3911,5109,SUCCESS
CertificateRenewal,3912,5007,SUCCESS
CertificateRenewal,3913,5117,SUCCESS
CertificateRenewal,3914,5608,SUCCESS
CertificateRenewal,3915,6300,SUCCESS
CertificateRenewal,3916,5401,SUCCESS
CertificateRenewal,3917,5813,SUCCESS
CertificateRenewal,3918,5335,SUCCESS
CertificateRenewal,3919,5130,SUCCESS
CertificateRenewal,3920,5513,SUCCESS
CertificateRenewal,3921,5296,SUCCESS
CertificateRenewal,3922,5961,SUCCESS
CertificateRenewal,3923,5419,SUCCESS
CertificateRenewal,3924,5179,SUCCESS
CertificateRenewal,3925,5342,FAILED (truncated response)
CertificateRenewal,3926,5383,SUCCESS
CertificateRenewal,3927,5763,SUCCESS
CertificateRenewal,3928,5776,SUCCESS
CertificateRenewal,3929,5630,SUCCESS
CertificateRenewal,3930,5064,SUCCESS
CertificateRenewal,3931,5467,SUCCESS
CertificateRenewal,3932,5654,SUCCESS
CertificateRenewal,3933,5606,SUCCESS
CertificateRenewal,3934,4913,FAILED (truncated response)
CertificateRenewal,3935,5507,SUCCESS
CertificateRenewal,3936,5474,SUCCESS
CertificateRenewal,3937,5234,SUCCESS
CertificateRenewal,3938,5340,SUCCESS
CertificateRenewal,3939,5369,SUCCESS
CertificateRenewal,3940,5323,FAILED (truncated response)
CertificateRenewal,3941,5118,SUCCESS
CertificateRenewal,3942,5078,SUCCESS
CertificateRenewal,3943,5608,SUCCESS
CertificateRenewal,3944,5200,SUCCESS
CertificateRenewal,3945,5814,SUCCESS
CertificateRenewal,3946,5717,SUCCESS
CertificateRenewal,3947,5841,SUCCESS
CertificateRenewal,3948,5274,SUCCESS
CertificateRenewal,3949,5231,SUCCESS
CertificateRenewal,3950,5083,SUCCESS
CertificateRenewal,3951,5448,SUCCESS
CertificateRenewal,3952,5140,SUCCESS
CertificateRenewal,3953,5267,SUCCESS
CertificateRenewal,3954,5342,SUCCESS
CertificateRenewal,3955,5525,FAILED (truncated response)
CertificateRenewal,3956,5651,SUCCESS
CertificateRenewal,3957,5781,SUCCESS
CertificateRenewal,3958,5158,SUCCESS
CertificateRenewal,3959,5702,SUCCESS
CertificateRenewal,3960,5266,SUCCESS
CertificateRenewal,3961,5507,SUCCESS
CertificateRenewal,3962,4977,SUCCESS
CertificateRenewal,3963,5628,FAILED (truncated response)
CertificateRenewal,3964,5121,SUCCESS
CertificateRenewal,3965,5176,SUCCESS
CertificateRenewal,3966,5189,SUCCESS
CertificateRenewal,3967,7963,SUCCESS
CertificateRenewal,3968,5438,SUCCESS
CertificateRenewal,3969,5412,SUCCESS
CertificateRenewal,3970,5067,SUCCESS
CertificateRenewal,3971,5005,SUCCESS
CertificateRenewal,3972,5105,SUCCESS
CertificateRenewal,3973,5068,SUCCESS
CertificateRenewal,3974,5118,SUCCESS
CertificateRenewal,3975,5385,SUCCESS
CertificateRenewal,3976,5219,SUCCESS
CertificateRenewal,3977,5502,SUCCESS
CertificateRenewal,3978,5085,SUCCESS
CertificateRenewal,3979,5119,SUCCESS
CertificateRenewal,3980,5074,SUCCESS
CertificateRenewal,3981,5695,FAILED (truncated response)
CertificateRenewal,3982,5312,FAILED (truncated response)
CertificateRenewal,3983,5237,SUCCESS
CertificateRenewal,3984,5445,SUCCESS
CertificateRenewal,3985,5328,SUCCESS
CertificateRenewal,3986,5656,SUCCESS
CertificateRenewal,3987,5336,SUCCESS
CertificateRenewal,3988,5944,SUCCESS
CertificateRenewal,3989,5581,SUCCESS
CertificateRenewal,3990,5419,SUCCESS
CertificateRenewal,3991,5428,SUCCESS
CertificateRenewal,3992,5649,SUCCESS
CertificateRenewal,3993,5949,SUCCESS
CertificateRenewal,3994,5593,SUCCESS
CertificateRenewal,3995,5687,SUCCESS
CertificateRenewal,3996,5669,SUCCESS
CertificateRenewal,3997,5500,SUCCESS
CertificateRenewal,3998,5472,SUCCESS
CertificateRenewal,3999,5500,SUCCESS
CertificateRenewal,4000,5774,SUCCESS
